按照第二个字段将这些IP由大到小排序

1:192:33:4/23 

1:168:31:4/24

1:255:259:4/24

1:25:53:4/25

1:67:52:4/25

1:195:52:4/26

1:3:31:4/26

131:123:3:4/26

<hr>

```shell
cat 1.txt | sort -t ':' -nrk 2

1:255:259:4/24
1:195:52:4/26
1:192:33:4/23
1:168:31:4/24
131:123:3:4/26
1:67:52:4/25
1:25:53:4/25
1:3:31:4/26
```

数字排序：

默认情况下，sort命令按照字典顺序排序。如果你需要按照数字排序，可以使用-n选项：

```shell
sort -n filename
```

逆序排序： 使用-r选项可以进行逆序排序：

```shell
sort -r filename
```

忽略前导空白：

```shell
sort -b filename
```

排序特定字段：

```shell
sort -k 2 filename
```

忽略大小写： 使用-f选项可以进行不区分大小写的排序：

```shell
sort -f filename
```
